T = 0.1;
k = 9;