kp = 10;
ki = 150;
T=0.1;